 	Label	X	Y	Major	Minor	Angle
1	CombinedStack-1.tif:YPD_042515_003_RFPstack_001	76.157	114.935	78.038	69.798	4.100
2	CombinedStack-1.tif:YPD_042515_003_RFPstack_001	160.014	131.105	97.847	78.218	176.342
3	CombinedStack-1.tif:YPD_042515_003_RFPstack_002	122.764	119.739	100.502	81.587	141.798
4	CombinedStack-1.tif:YPD_042515_003_RFPstack_003	123.249	122.564	103.452	74.978	65.763
5	CombinedStack-1.tif:YPD_042515_003_RFPstack_003	94.804	170.996	23.475	21.967	159.605
6	CombinedStack-1.tif:YPD_042515_005_RFPstack_004	98.950	106.572	77.510	68.713	150.944
7	CombinedStack-1.tif:YPD_042515_005_RFPstack_004	159.546	136.384	87.297	86.228	135.795
8	CombinedStack-1.tif:YPD_042515_007_RFPstack_006	95.835	126.423	89.537	78.666	2.231
9	CombinedStack-1.tif:YPD_042515_007_RFPstack_006	155.532	139.077	53.721	45.458	162.027
10	CombinedStack-1.tif:YPD_042515_009_RFPstack_007	146.812	100.586	88.899	77.240	44.872
11	CombinedStack-1.tif:YPD_042515_009_RFPstack_007	110.710	155.632	73.598	69.165	79.674
12	CombinedStack-1.tif:YPD_042515_009_RFPstack_008	171.099	100.012	84.108	84.107	83.067
13	CombinedStack-1.tif:YPD_042515_009_RFPstack_008	91.427	145.526	102.747	94.948	169.274
14	CombinedStack-1.tif:YPD_042515_009_RFPstack_010	77.585	96.200	39.379	29.779	167.044
15	CombinedStack-1.tif:YPD_042515_009_RFPstack_010	132.003	123.667	103.845	88.868	174.438
16	CombinedStack-1.tif:YPD_042515_011_RFPstack_011	85.987	91.605	35.775	33.312	120.497
17	CombinedStack-1.tif:YPD_042515_011_RFPstack_011	131.879	130.060	110.169	91.359	84.944
18	CombinedStack-1.tif:YPD_042515_011_RFPstack_012	138.366	120.717	94.517	83.251	6.516
19	CombinedStack-1.tif:YPD_042515_011_RFPstack_012	79.146	128.285	33.542	30.785	3.498
20	CombinedStack-1.tif:YPD_042515_011_RFPstack_013	130.669	117.354	113.029	75.316	42.603
21	CombinedStack-1.tif:YPD_042515_011_RFPstack_014	130.959	128.096	109.529	83.372	156.239
22	CombinedStack-1.tif:YPD_042515_013_RFPstack_015	135.284	127.607	112.041	97.015	54.631
23	CombinedStack-1.tif:YPD_042515_013_RFPstack_016	126.200	95.026	103.853	81.039	127.614
24	CombinedStack-1.tif:YPD_042515_013_RFPstack_016	143.274	172.039	70.784	61.482	105.930
25	CombinedStack-1.tif:YPD_042515_015_RFPstack_017	166.666	82.530	46.040	42.036	152.460
26	CombinedStack-1.tif:YPD_042515_015_RFPstack_017	127.657	133.047	105.307	93.655	11.931
27	CombinedStack-1.tif:YPD_042515_015_RFPstack_018	130.384	131.269	102.362	92.854	115.876
28	CombinedStack-1.tif:YPD_042515_015_RFPstack_019	121.606	122.201	89.982	79.268	113.252
29	CombinedStack-1.tif:YPD_042515_017_RFPstack_020	111.096	84.544	103.065	76.964	113.488
30	CombinedStack-1.tif:YPD_042515_017_RFPstack_020	132.329	169.540	86.294	64.640	106.160
31	CombinedStack-1.tif:YPD_042515_019_RFPstack_023	94.552	75.615	51.047	38.486	144.388
32	CombinedStack-1.tif:YPD_042515_019_RFPstack_023	126.540	131.008	109.911	84.808	75.024
33	CombinedStack-1.tif:YPD_042515_019_RFPstack_024	128.760	124.080	107.204	78.173	54.297
34	CombinedStack-1.tif:YPD_042515_019_RFPstack_025	81.549	115.553	81.411	72.583	165.768
35	CombinedStack-1.tif:YPD_042515_019_RFPstack_025	169.402	119.490	117.874	83.248	168.605
36	CombinedStack-1.tif:YPD_042715_001_RFPstack_027	105.055	74.427	54.041	48.417	141.341
37	CombinedStack-1.tif:YPD_042715_001_RFPstack_027	130.178	139.194	105.555	95.075	123.454
38	CombinedStack-1.tif:YPD_042715_001_RFPstack_028	124.472	125.531	85.321	80.658	18.192
39	CombinedStack-1.tif:YPD_042715_001_RFPstack_029	126.942	124.933	79.881	73.559	93.066
40	CombinedStack-1.tif:YPD_042715_003_RFPstack_031	87.172	122.225	86.530	69.467	22.966
41	CombinedStack-1.tif:YPD_042715_005_RFPstack_033	147.045	93.875	121.428	94.915	61.131
42	CombinedStack-1.tif:YPD_042715_005_RFPstack_033	95.908	176.604	82.363	76.336	44.008
43	CombinedStack-1.tif:YPD_042715_005_RFPstack_034	151.575	118.122	115.577	97.440	36.551
44	CombinedStack-1.tif:YPD_042715_005_RFPstack_034	78.907	160.551	64.134	60.690	121.149
45	CombinedStack-1.tif:YPD_042715_007_RFPstack_035	130.005	115.449	76.614	72.093	26.665
46	CombinedStack-1.tif:YPD_042715_007_RFPstack_036	130.925	113.751	118.964	93.895	112.172
47	CombinedStack-1.tif:YPD_042715_009_RFPstack_038	170.695	105.392	69.301	62.522	13.931
48	CombinedStack-1.tif:YPD_042715_009_RFPstack_038	98.155	130.998	99.783	84.178	19.544
49	CombinedStack-1.tif:YPD_042715_009_RFPstack_039	123.936	121.364	89.099	72.995	27.815
50	CombinedStack-1.tif:YPD_042715_009_RFPstack_040	115.454	87.430	34.581	28.939	0.993
51	CombinedStack-1.tif:YPD_042715_009_RFPstack_040	137.586	137.149	86.964	82.590	140.844
52	CombinedStack-1.tif:YPD_042715_009_RFPstack_041	134.765	117.545	82.181	76.335	44.420
53	CombinedStack-1.tif:YPD_042715_009_RFPstack_042	131.272	133.292	122.431	94.398	3.670
54	CombinedStack-1.tif:YPD_042715_011_RFPstack_045	96.597	76.057	76.619	65.756	121.310
55	CombinedStack-1.tif:YPD_042715_011_RFPstack_045	140.729	158.701	110.412	93.695	115.359
56	CombinedStack-1.tif:YPD_042715_013_RFPstack_048	156.484	126.120	93.886	84.936	22.887
57	CombinedStack-1.tif:YPD_042715_013_RFPstack_048	84.740	137.777	59.389	53.640	177.449
58	CombinedStack-1.tif:YPD_042715_013_RFPstack_050	118.835	74.018	62.223	56.988	101.470
59	CombinedStack-1.tif:YPD_042715_013_RFPstack_050	141.079	153.851	110.818	94.673	115.283
60	CombinedStack-1.tif:YPD_042715_015_RFPstack_051	129.351	96.555	98.431	87.534	71.456
61	CombinedStack-1.tif:YPD_042715_015_RFPstack_051	112.664	169.206	64.544	56.832	78.748
62	CombinedStack-1.tif:YPD_042715_015_RFPstack_052	137.750	73.417	85.744	76.534	72.729
63	CombinedStack-1.tif:YPD_042715_015_RFPstack_052	115.596	161.245	105.245	84.564	80.646
64	CombinedStack-1.tif:YPD_042715_015_RFPstack_053	121.818	117.195	103.135	76.195	164.683
65	CombinedStack-1.tif:YPD_042715_015_RFPstack_054	128.511	115.733	121.449	104.324	60.670
66	CombinedStack-1.tif:YPD_042715_015_RFPstack_054	141.502	188.910	29.788	26.672	83.585
67	CombinedStack-1.tif:YPD_042715_017_RFPstack_056	156.357	95.666	36.884	32.622	156.286
68	CombinedStack-1.tif:YPD_042715_017_RFPstack_056	117.267	142.043	90.842	83.423	36.390
69	CombinedStack-1.tif:YPD_042715_017_RFPstack_057	145.006	77.038	22.774	19.009	64.318
70	CombinedStack-1.tif:YPD_042715_017_RFPstack_057	124.426	130.664	99.816	79.189	60.240
71	CombinedStack-1.tif:YPD_042915_003_RFPstack_059	112.661	78.482	68.856	61.169	120.265
72	CombinedStack-1.tif:YPD_042915_003_RFPstack_059	129.986	159.281	102.675	81.721	84.991
73	CombinedStack-1.tif:YPD_042915_005_RFPstack_060	84.187	101.263	88.628	72.333	170.286
74	CombinedStack-1.tif:YPD_042915_005_RFPstack_060	174.573	133.961	117.706	81.096	152.708
75	CombinedStack-1.tif:YPD_042915_005_RFPstack_061	131.113	90.557	110.042	87.195	15.656
76	CombinedStack-1.tif:YPD_042915_005_RFPstack_061	99.303	167.623	83.896	67.642	79.213
77	CombinedStack-1.tif:YPD_042915_007_RFPstack_062	89.606	97.876	63.452	55.022	163.399
78	CombinedStack-1.tif:YPD_042915_007_RFPstack_062	141.380	132.095	100.038	94.681	27.881
79	CombinedStack-1.tif:YPD_042915_007_RFPstack_063	101.523	85.344	86.101	73.554	108.319
80	CombinedStack-1.tif:YPD_042915_007_RFPstack_063	142.598	152.213	103.383	90.114	118.791
81	CombinedStack-1.tif:YPD_042915_007_RFPstack_064	128.092	118.393	99.598	89.473	74.701
82	CombinedStack-1.tif:YPD_042915_011_RFPstack_066	121.602	113.526	110.020	79.899	80.095
83	CombinedStack-1.tif:YPD_042915_011_RFPstack_066	118.878	176.144	34.342	28.955	50.478
84	CombinedStack-1.tif:YPD_042915_013_RFPstack_067	126.453	125.877	83.946	72.500	81.675
85	CombinedStack-1.tif:YPD_042915_013_RFPstack_068	165.715	110.468	93.366	76.204	22.775
86	CombinedStack-1.tif:YPD_042915_013_RFPstack_068	87.112	142.592	72.885	66.174	22.338
87	CombinedStack-1.tif:YPD_042915_017_RFPstack_071	83.847	96.687	59.591	55.189	163.364
88	CombinedStack-1.tif:YPD_042915_017_RFPstack_071	152.074	141.078	98.226	89.829	172.511
89	CombinedStack-1.tif:YPD_042915_017_RFPstack_072	139.102	89.673	25.555	23.268	68.849
90	CombinedStack-1.tif:YPD_042915_017_RFPstack_072	108.963	126.656	89.936	72.669	58.153
91	CombinedStack-1.tif:YPD_042915_017_RFPstack_073	129.670	124.075	108.205	88.805	156.158
92	CombinedStack-1.tif:YPD_042915_017_RFPstack_074	129.846	128.522	103.077	87.195	159.868
93	CombinedStack-1.tif:YPD_042915_017_RFPstack_075	131.957	126.119	84.477	71.170	54.721
94	CombinedStack-1.tif:YPD_042915_019_RFPstack_077	128.216	119.472	98.639	62.901	3.168
95	CombinedStack-1.tif:YPD_042915_021_RFPstack_078	100.864	75.784	63.005	53.795	114.799
96	CombinedStack-1.tif:YPD_042915_021_RFPstack_078	122.957	146.629	103.745	87.382	99.397
97	CombinedStack-1.tif:YPD_042915_021_RFPstack_079	142.525	107.605	108.433	86.094	42.549
98	CombinedStack-1.tif:YPD_042915_021_RFPstack_079	87.277	147.537	47.788	43.855	71.788
99	CombinedStack-1.tif:YPD_042915_021_RFPstack_080	126.170	119.510	111.238	90.813	48.223
100	CombinedStack-1.tif:YPD_042915_024_RFPstack_082	132.111	123.908	117.977	87.989	177.966
101	CombinedStack-1.tif:YPD_042915_024_RFPstack_082	82.437	164.012	34.223	28.201	32.581
102	CombinedStack-1.tif:YPD_042915_024_RFPstack_083	123.565	127.558	97.273	72.777	43.140
103	CombinedStack-1.tif:YPD_052315_001_RFPstack_001	87.629	98.745	71.837	56.611	165.020
104	CombinedStack-1.tif:YPD_052315_001_RFPstack_001	151.992	136.373	107.096	83.792	93.117
105	CombinedStack-1.tif:YPD_052315_001_RFPstack_002	77.251	132.876	56.476	49.463	168.579
106	CombinedStack-1.tif:YPD_052315_001_RFPstack_002	142.182	135.496	100.292	80.590	5.121
107	CombinedStack-1.tif:YPD_052315_003_RFPstack_003	142.783	73.233	38.999	37.055	110.595
108	CombinedStack-1.tif:YPD_052315_003_RFPstack_003	133.532	138.148	98.286	70.887	92.319
109	CombinedStack-1.tif:YPD_052315_003_RFPstack_004	127.305	97.533	110.986	86.259	94.774
110	CombinedStack-1.tif:YPD_052315_003_RFPstack_004	140.010	173.178	53.654	48.553	121.212
111	CombinedStack-1.tif:YPD_052315_003_RFPstack_005	106.255	101.696	92.654	88.621	53.136
112	CombinedStack-1.tif:YPD_052315_003_RFPstack_005	153.141	168.496	82.517	68.309	109.848
113	CombinedStack-1.tif:YPD_052315_005_RFPstack_006	122.925	127.508	92.227	80.445	120.985
114	CombinedStack-1.tif:YPD_052315_005_RFPstack_007	123.459	99.814	111.985	94.460	82.727
115	CombinedStack-1.tif:YPD_052315_005_RFPstack_007	152.078	168.959	62.182	59.524	107.209
116	CombinedStack-1.tif:YPD_052315_005_RFPstack_008	131.544	85.032	122.221	92.768	94.555
117	CombinedStack-1.tif:YPD_052315_005_RFPstack_008	129.711	180.324	97.180	75.690	61.279
118	CombinedStack-1.tif:YPD_052315_007_RFPstack_010	105.518	90.907	85.013	65.854	175.553
119	CombinedStack-1.tif:YPD_052315_007_RFPstack_010	146.383	159.700	91.900	84.028	106.351
120	CombinedStack-1.tif:YPD_052315_009_RFPstack_011	93.832	79.923	83.080	67.738	141.236
121	CombinedStack-1.tif:YPD_052315_009_RFPstack_011	151.051	150.223	114.662	83.771	96.205
122	CombinedStack-1.tif:YPD_052315_009_RFPstack_012	105.249	78.025	55.038	47.355	111.170
123	CombinedStack-1.tif:YPD_052315_009_RFPstack_012	125.934	153.594	101.111	79.710	91.251
124	CombinedStack-1.tif:YPD_052315_011_RFPstack_013	101.969	101.756	115.642	95.689	90.185
125	CombinedStack-1.tif:YPD_052315_011_RFPstack_013	155.895	167.216	71.983	59.962	122.966
126	CombinedStack-1.tif:YPD_052315_011_RFPstack_014	163.117	127.897	100.305	83.538	6.974
127	CombinedStack-1.tif:YPD_052315_011_RFPstack_014	84.300	134.949	70.173	51.947	2.814
128	CombinedStack-1.tif:YPD_052315_013_RFPstack_015	142.391	114.487	110.562	83.376	43.454
129	CombinedStack-1.tif:YPD_052315_013_RFPstack_015	85.203	158.381	52.774	43.934	47.112
130	CombinedStack-1.tif:YPD_052315_013_RFPstack_016	90.884	71.950	89.947	73.466	111.505
131	CombinedStack-1.tif:YPD_052315_013_RFPstack_016	131.205	163.660	131.475	82.423	133.116
132	CombinedStack-1.tif:YPD_052315_015_RFPstack_017	78.849	99.432	43.009	29.989	135.332
133	CombinedStack-1.tif:YPD_052315_015_RFPstack_017	131.615	132.337	115.062	86.423	106.748
134	CombinedStack-1.tif:YPD_052315_015_RFPstack_018	116.355	119.029	98.441	85.740	24.680
135	CombinedStack-1.tif:YPD_052315_015_RFPstack_018	167.007	127.843	30.093	25.047	156.193
136	CombinedStack-1.tif:YPD_052315_017_RFPstack_021	129.030	115.073	97.868	79.697	89.690
137	CombinedStack-1.tif:YPD_052315_019_RFPstack_022	148.509	85.041	59.020	49.381	55.521
138	CombinedStack-1.tif:YPD_052315_019_RFPstack_022	109.223	147.594	99.819	85.130	54.400
139	CombinedStack-1.tif:YPD_052315_019_RFPstack_023	127.033	110.583	99.151	79.540	62.348
140	CombinedStack-1.tif:YPD_052315_019_RFPstack_023	109.352	175.747	43.022	38.888	126.998
141	CombinedStack-1.tif:YPD_052315_019_RFPstack_024	128.570	129.338	94.620	77.037	89.796
142	CombinedStack-1.tif:YPD_052315_019_RFPstack_025	124.201	122.370	108.430	88.151	19.917
143	CombinedStack-1.tif:YPD_052315_021_RFPstack_026	96.772	109.484	117.694	90.235	171.077
144	CombinedStack-1.tif:YPD_052315_021_RFPstack_026	175.639	139.948	64.633	56.124	139.369
145	CombinedStack-1.tif:YPD_052315_021_RFPstack_027	126.717	125.674	106.878	86.703	146.590
146	CombinedStack-1.tif:YPD_052315_023_RFPstack_029	127.594	105.551	108.743	92.897	37.468
147	CombinedStack-1.tif:YPD_052315_023_RFPstack_029	133.953	180.629	61.178	47.327	112.769
148	CombinedStack-1.tif:YPD_052315_023_RFPstack_030	139.006	111.414	99.247	80.541	66.678
149	CombinedStack-1.tif:YPD_052315_023_RFPstack_030	97.818	163.122	40.704	36.786	69.264
150	CombinedStack-1.tif:YPD_052315_025_RFPstack_031	142.767	78.499	82.596	67.334	70.554
151	CombinedStack-1.tif:YPD_052315_025_RFPstack_031	105.951	153.071	98.461	83.330	101.974
152	CombinedStack-1.tif:YPD_052315_027_RFPstack_032	153.158	76.964	68.745	63.028	65.578
153	CombinedStack-1.tif:YPD_052315_027_RFPstack_032	105.108	146.457	106.924	82.164	90.932
154	CombinedStack-1.tif:YPD_052315_031_RFPstack_034	152.672	125.879	95.626	78.957	168.551
155	CombinedStack-1.tif:YPD_052315_031_RFPstack_034	77.658	143.172	67.477	59.665	15.948
156	CombinedStack-1.tif:YPD_052315_031_RFPstack_035	128.297	116.663	113.213	96.596	168.412
157	CombinedStack-1.tif:YPD_052315_031_RFPstack_035	81.895	166.624	51.703	47.085	69.339
158	CombinedStack-1.tif:YPD_052315_031_RFPstack_036	123.885	133.644	96.136	78.750	159.047
159	CombinedStack-1.tif:YPD_052315_033_RFPstack_037	123.482	124.212	104.426	75.607	21.967
160	CombinedStack-1.tif:YPD_052315_033_RFPstack_038	130.120	128.571	112.117	80.017	114.249
161	CombinedStack-1.tif:YPE_042515_001_RFPstack_000	124.191	124.516	89.692	65.698	36.402
162	CombinedStack-1.tif:YPE_042515_005_RFPstack_001	172.220	92.357	21.616	19.321	124.823
163	CombinedStack-1.tif:YPE_042515_005_RFPstack_001	125.498	124.048	102.733	79.345	62.645
164	CombinedStack-1.tif:YPE_042515_007_RFPstack_004	121.053	84.187	34.953	29.287	108.795
165	CombinedStack-1.tif:YPE_042515_007_RFPstack_004	128.807	135.095	99.432	72.093	48.203
166	CombinedStack-1.tif:YPE_042515_009_RFPstack_007	124.816	125.933	77.226	59.404	172.057
167	CombinedStack-1.tif:YPE_042515_011_RFPstack_009	99.902	99.015	60.338	51.024	120.153
168	CombinedStack-1.tif:YPE_042515_011_RFPstack_009	143.268	141.589	91.467	73.095	121.005
169	CombinedStack-1.tif:YPE_042515_013_RFPstack_010	123.532	126.446	71.025	55.842	40.970
170	CombinedStack-1.tif:YPE_042515_013_RFPstack_011	180.375	95.606	42.489	35.210	3.229
171	CombinedStack-1.tif:YPE_042515_013_RFPstack_011	118.557	115.477	92.943	80.688	174.123
172	CombinedStack-1.tif:YPE_042515_015_RFPstack_012	121.299	121.894	94.620	71.534	80.247
173	CombinedStack-1.tif:YPE_042515_017_RFPstack_013	89.754	107.910	27.872	20.511	138.694
174	CombinedStack-1.tif:YPE_042515_017_RFPstack_013	134.154	126.977	88.990	72.654	14.174
175	CombinedStack-1.tif:YPE_042515_017_RFPstack_014	126.867	97.681	103.987	76.735	7.352
176	CombinedStack-1.tif:YPE_042515_017_RFPstack_014	92.576	153.138	56.328	48.735	96.092
177	CombinedStack-1.tif:YPE_042515_017_RFPstack_015	129.414	124.778	85.613	68.203	166.135
178	CombinedStack-1.tif:YPE_042515_019_RFPstack_016	120.584	130.968	86.362	78.507	25.180
179	CombinedStack-1.tif:YPE_042515_019_RFPstack_017	86.006	108.553	52.133	35.878	155.513
180	CombinedStack-1.tif:YPE_042515_019_RFPstack_017	147.349	128.830	99.530	72.828	33.431
181	CombinedStack-1.tif:YPE_042715_001_RFPstack_018	118.319	121.268	100.709	75.667	160.857
182	CombinedStack-1.tif:YPE_042715_001_RFPstack_019	128.106	125.613	86.139	66.604	66.209
183	CombinedStack-1.tif:YPE_042715_001_RFPstack_020	121.211	124.153	89.591	69.964	64.119
184	CombinedStack-1.tif:YPE_042715_001_RFPstack_022	124.678	118.904	80.349	72.276	139.530
185	CombinedStack-1.tif:YPE_042715_001_RFPstack_022	147.300	158.022	16.448	13.933	162.833
186	CombinedStack-1.tif:YPE_042715_003_RFPstack_023	122.840	131.062	67.533	63.970	13.796
187	CombinedStack-1.tif:YPE_042715_003_RFPstack_024	126.177	133.194	86.525	65.777	8.112
188	CombinedStack-1.tif:YPE_042715_003_RFPstack_026	121.932	122.494	77.840	63.597	127.903
189	CombinedStack-1.tif:YPE_042715_005_RFPstack_029	164.720	117.477	97.877	77.986	158.347
190	CombinedStack-1.tif:YPE_042715_005_RFPstack_029	80.085	134.999	79.192	56.112	14.959
191	CombinedStack-1.tif:YPE_042715_005_RFPstack_030	129.515	111.767	79.457	66.789	14.539
192	CombinedStack-1.tif:YPE_042715_005_RFPstack_030	111.025	161.149	24.483	23.559	62.645
193	CombinedStack-1.tif:YPE_042715_005_RFPstack_032	119.396	127.537	79.097	62.602	9.269
194	CombinedStack-1.tif:YPE_042715_007_RFPstack_033	144.556	78.086	22.795	22.119	22.260
195	CombinedStack-1.tif:YPE_042715_007_RFPstack_033	124.686	124.930	90.650	77.953	32.497
196	CombinedStack-1.tif:YPE_042715_007_RFPstack_034	122.456	128.574	71.414	62.384	16.496
197	CombinedStack-1.tif:YPE_042715_007_RFPstack_035	93.148	95.072	24.130	20.103	171.306
198	CombinedStack-1.tif:YPE_042715_007_RFPstack_035	126.927	126.229	85.119	76.557	110.446
199	CombinedStack-1.tif:YPE_042715_007_RFPstack_036	168.381	111.361	58.802	48.459	9.879
200	CombinedStack-1.tif:YPE_042715_007_RFPstack_036	98.496	131.596	90.856	68.920	5.842
201	CombinedStack-1.tif:YPE_042715_009_RFPstack_038	96.676	94.404	71.756	63.950	143.230
202	CombinedStack-1.tif:YPE_042715_009_RFPstack_038	147.373	140.524	96.192	69.650	78.798
203	CombinedStack-1.tif:YPE_042715_009_RFPstack_039	123.338	93.632	39.538	36.196	106.468
204	CombinedStack-1.tif:YPE_042715_009_RFPstack_039	127.710	139.061	82.359	68.347	149.647
205	CombinedStack-1.tif:YPE_042715_009_RFPstack_040	128.747	123.448	79.573	70.388	73.637
206	CombinedStack-1.tif:YPE_042715_009_RFPstack_041	126.595	122.139	79.640	66.955	122.827
207	CombinedStack-1.tif:YPE_042715_011_RFPstack_043	127.343	94.163	86.220	68.299	96.338
208	CombinedStack-1.tif:YPE_042715_011_RFPstack_043	115.586	170.520	65.283	54.883	94.806
209	CombinedStack-1.tif:YPE_042715_011_RFPstack_044	122.191	123.485	68.952	59.976	89.980
210	CombinedStack-1.tif:YPE_042715_013_RFPstack_045	125.469	131.987	85.101	71.875	7.688
211	CombinedStack-1.tif:YPE_042715_013_RFPstack_046	126.960	127.168	73.629	59.694	129.200
212	CombinedStack-1.tif:YPE_042715_013_RFPstack_047	123.136	132.408	75.919	54.305	75.439
213	CombinedStack-1.tif:YPE_042715_013_RFPstack_048	127.684	87.826	18.019	16.888	67.087
214	CombinedStack-1.tif:YPE_042715_013_RFPstack_048	127.718	130.209	82.688	65.781	43.786
215	CombinedStack-1.tif:YPE_042715_013_RFPstack_049	125.559	123.068	88.462	63.617	163.803
216	CombinedStack-1.tif:YPE_042715_015_RFPstack_050	150.991	87.390	61.044	51.602	83.558
217	CombinedStack-1.tif:YPE_042715_015_RFPstack_050	121.886	162.812	108.645	83.992	21.888
218	CombinedStack-1.tif:YPE_042715_015_RFPstack_051	126.495	121.758	85.576	72.874	88.570
219	CombinedStack-1.tif:YPE_042715_020_RFPstack_055	164.990	118.188	28.772	23.100	131.354
220	CombinedStack-1.tif:YPE_042715_020_RFPstack_055	116.378	125.576	96.713	77.029	177.621
221	CombinedStack-1.tif:YPE_042715_023_RFPstack_056	124.558	127.207	94.709	74.277	162.501
222	CombinedStack-1.tif:YPE_042715_023_RFPstack_057	124.265	124.292	84.971	77.619	142.610
223	CombinedStack-1.tif:YPE_042715_023_RFPstack_058	127.641	127.537	83.513	60.511	55.100
224	CombinedStack-1.tif:YPE_042715_023_RFPstack_059	130.498	125.653	77.494	61.876	66.663
225	CombinedStack-1.tif:YPE_042715_023_RFPstack_060	130.353	121.915	99.292	71.720	21.003
226	CombinedStack-1.tif:YPE_042715_023_RFPstack_060	81.203	136.694	18.600	15.197	160.159
227	CombinedStack-1.tif:YPE_052315_001_RFPstack_000	126.506	126.909	92.049	84.335	137.852
228	CombinedStack-1.tif:YPE_052315_001_RFPstack_001	126.173	124.851	71.892	68.008	80.115
229	CombinedStack-1.tif:YPE_052315_003_RFPstack_002	159.405	114.064	16.969	15.832	25.839
230	CombinedStack-1.tif:YPE_052315_003_RFPstack_002	118.225	125.972	82.205	77.970	43.887
231	CombinedStack-1.tif:YPE_052315_003_RFPstack_003	91.317	100.602	42.805	34.832	12.373
232	CombinedStack-1.tif:YPE_052315_003_RFPstack_003	137.939	126.452	92.004	78.259	11.093
233	CombinedStack-1.tif:YPE_052315_003_RFPstack_004	154.813	122.252	97.374	88.170	4.278
234	CombinedStack-1.tif:YPE_052315_003_RFPstack_004	84.437	136.303	62.731	52.548	172.299
235	CombinedStack-1.tif:YPE_052315_003_RFPstack_005	115.178	117.464	86.674	69.645	148.523
236	CombinedStack-1.tif:YPE_052315_003_RFPstack_005	156.863	147.128	45.205	31.461	146.083
237	CombinedStack-1.tif:YPE_052315_005_RFPstack_006	139.157	85.406	29.235	23.213	129.831
238	CombinedStack-1.tif:YPE_052315_005_RFPstack_006	125.906	126.754	90.373	76.431	61.761
239	CombinedStack-1.tif:YPE_052315_005_RFPstack_007	125.278	126.671	80.062	62.913	159.709
240	CombinedStack-1.tif:YPE_052315_005_RFPstack_008	116.583	90.619	81.168	79.279	172.179
241	CombinedStack-1.tif:YPE_052315_005_RFPstack_008	138.336	161.913	65.375	56.734	129.393
242	CombinedStack-1.tif:YPE_052315_007_RFPstack_009	92.860	91.758	60.675	45.956	161.542
243	CombinedStack-1.tif:YPE_052315_007_RFPstack_009	142.720	143.487	101.554	88.114	127.100
244	CombinedStack-1.tif:YPE_052315_007_RFPstack_010	124.951	95.146	88.741	67.607	43.294
245	CombinedStack-1.tif:YPE_052315_007_RFPstack_010	125.663	162.095	60.786	54.796	75.654
246	CombinedStack-1.tif:YPE_052315_009_RFPstack_011	104.645	117.914	93.933	67.367	157.778
247	CombinedStack-1.tif:YPE_052315_009_RFPstack_011	169.454	148.096	59.386	55.379	22.646
248	CombinedStack-1.tif:YPE_052315_011_RFPstack_012	106.641	96.484	38.412	33.578	149.606
249	CombinedStack-1.tif:YPE_052315_011_RFPstack_012	130.802	141.569	75.375	70.896	78.742
250	CombinedStack-1.tif:YPE_052315_011_RFPstack_013	149.622	104.571	100.077	86.106	15.184
251	CombinedStack-1.tif:YPE_052315_011_RFPstack_013	91.522	156.188	64.862	46.739	44.189
252	CombinedStack-1.tif:YPE_052315_011_RFPstack_014	122.083	88.171	89.746	84.513	122.144
253	CombinedStack-1.tif:YPE_052315_011_RFPstack_014	136.349	168.523	67.020	56.595	91.171
254	CombinedStack-1.tif:YPE_052315_011_RFPstack_015	100.472	103.871	78.163	66.103	158.723
255	CombinedStack-1.tif:YPE_052315_011_RFPstack_015	155.321	144.430	62.154	52.934	153.079
256	CombinedStack-1.tif:YPE_052315_013_RFPstack_016	168.984	116.002	61.414	54.090	178.790
257	CombinedStack-1.tif:YPE_052315_013_RFPstack_016	92.181	132.543	94.352	81.048	175.124
258	CombinedStack-1.tif:YPE_052315_013_RFPstack_017	129.413	124.647	96.932	84.710	36.059
259	CombinedStack-1.tif:YPE_052315_013_RFPstack_017	83.650	125.155	33.032	30.143	166.667
260	CombinedStack-1.tif:YPE_052315_013_RFPstack_018	95.942	85.436	39.973	27.903	121.525
261	CombinedStack-1.tif:YPE_052315_013_RFPstack_018	127.703	138.854	95.351	81.895	177.246
262	CombinedStack-1.tif:YPE_052315_013_RFPstack_019	105.982	112.009	81.732	69.666	135.306
263	CombinedStack-1.tif:YPE_052315_013_RFPstack_019	155.279	148.395	61.785	51.024	154.800
264	CombinedStack-1.tif:YPE_052315_015_RFPstack_020	160.007	125.406	110.864	104.384	37.170
265	CombinedStack-1.tif:YPE_052315_015_RFPstack_020	73.879	151.892	81.146	67.627	22.571
266	CombinedStack-1.tif:YPE_052315_015_RFPstack_021	117.136	90.040	116.004	89.673	107.506
267	CombinedStack-1.tif:YPE_052315_015_RFPstack_021	142.675	171.130	73.731	65.552	116.080
268	CombinedStack-1.tif:YPE_052315_017_RFPstack_022	149.225	91.028	59.999	53.986	34.802
269	CombinedStack-1.tif:YPE_052315_017_RFPstack_022	108.657	151.357	85.234	82.803	176.812
270	CombinedStack-1.tif:YPE_052315_019_RFPstack_023	155.496	83.970	39.372	30.981	50.240
271	CombinedStack-1.tif:YPE_052315_019_RFPstack_023	124.785	139.758	87.762	80.867	73.260
272	CombinedStack-1.tif:YPE_052315_019_RFPstack_024	114.531	86.667	46.152	44.030	129.830
273	CombinedStack-1.tif:YPE_052315_019_RFPstack_024	125.356	148.321	79.283	71.737	105.205
274	CombinedStack-1.tif:YPE_052315_019_RFPstack_025	148.080	124.649	89.111	80.271	160.646
275	CombinedStack-1.tif:YPE_052315_019_RFPstack_025	96.207	130.729	48.721	43.146	16.091
276	CombinedStack-1.tif:YPE_052315_019_RFPstack_026	125.279	121.894	81.876	65.158	135.695
277	CombinedStack-1.tif:YPE_052315_019_RFPstack_027	119.698	123.566	84.744	81.373	44.589
278	CombinedStack-1.tif:YPE_052315_021_RFPstack_029	129.161	98.470	90.789	74.160	90.296
279	CombinedStack-1.tif:YPE_052315_021_RFPstack_029	106.295	165.668	64.698	54.414	41.255
280	CombinedStack-1.tif:YPE_052315_023_RFPstack_030	140.639	91.444	55.022	48.989	97.670
281	CombinedStack-1.tif:YPE_052315_023_RFPstack_030	111.665	154.256	83.432	76.289	171.804
282	CombinedStack-1.tif:YPE_052315_023_RFPstack_031	126.199	127.519	73.284	69.826	79.988
283	CombinedStack-1.tif:YPE_052315_025_RFPstack_033	123.126	89.570	88.763	80.357	17.142
284	CombinedStack-1.tif:YPE_052315_025_RFPstack_033	109.193	164.542	71.010	50.277	86.241
285	CombinedStack-1.tif:YPE_052315_025_RFPstack_034	125.290	90.961	107.281	94.579	162.618
286	CombinedStack-1.tif:YPE_052315_025_RFPstack_034	135.467	172.042	64.771	62.019	10.493
287	CombinedStack-1.tif:YPE_052315_027_RFPstack_035	163.705	121.635	65.117	47.475	179.723
288	CombinedStack-1.tif:YPE_052315_027_RFPstack_035	93.540	126.484	88.545	64.910	0.931
289	CombinedStack-1.tif:YPE_052315_027_RFPstack_036	121.209	128.260	75.516	55.792	33.017
290	CombinedStack-1.tif:YPE_052315_030_RFPstack_037	122.728	84.863	24.055	20.854	74.959
291	CombinedStack-1.tif:YPE_052315_030_RFPstack_037	125.501	132.918	84.186	72.233	116.504
292	CombinedStack-1.tif:YPE_052315_030_RFPstack_038	127.588	124.148	87.488	77.642	69.117
293	CombinedStack-1.tif:YPE_052315_032_RFPstack_039	160.974	100.859	68.224	63.248	75.800
294	CombinedStack-1.tif:YPE_052315_032_RFPstack_039	103.755	148.958	93.222	79.764	0.726
295	CombinedStack-1.tif:YPE_052315_032_RFPstack_041	125.883	128.061	74.940	53.961	0.260
296	CombinedStack-1.tif:YPE_052315_032_RFPstack_042	124.419	122.313	97.045	82.158	168.385
297	CombinedStack-1.tif:YPE_052315_032_RFPstack_043	103.665	99.300	63.186	52.331	152.788
298	CombinedStack-1.tif:YPE_052315_032_RFPstack_043	156.759	141.120	87.687	73.211	144.917
299	CombinedStack-1.tif:YPE_052315_034_RFPstack_044	145.231	124.666	81.281	74.219	138.828
300	CombinedStack-1.tif:YPE_052315_034_RFPstack_044	88.072	129.364	50.553	39.769	15.697
301	CombinedStack-1.tif:YPE_052315_034_RFPstack_046	122.585	129.948	88.298	86.735	115.828
302	CombinedStack-1.tif:YPE_052315_034_RFPstack_047	124.407	123.529	86.115	68.767	56.234
303	CombinedStack-1.tif:YPE_c42515_001_RFPstack_062	126.450	123.298	112.111	82.338	75.211
304	CombinedStack-1.tif:YPE_c42515_001_RFPstack_063	125.185	130.233	80.065	72.309	177.804
305	CombinedStack-1.tif:YPE_c42515_001_RFPstack_064	120.006	125.817	92.468	78.693	106.083
306	CombinedStack-1.tif:YPE_c42515_001_RFPstack_064	156.123	168.429	28.338	24.172	155.172
307	CombinedStack-1.tif:YPE_c42515_001_RFPstack_065	127.577	125.463	92.349	75.182	71.663
308	CombinedStack-1.tif:YPE_c42515_001_RFPstack_066	119.291	125.631	84.369	66.327	137.101
309	CombinedStack-1.tif:YPE_c42515_003_RFPstack_067	94.709	95.874	37.736	26.318	138.058
310	CombinedStack-1.tif:YPE_c42515_003_RFPstack_067	137.959	136.016	88.804	60.147	130.519
311	CombinedStack-1.tif:YPE_c42515_005_RFPstack_069	131.946	97.405	103.744	74.079	70.789
312	CombinedStack-1.tif:YPE_c42515_005_RFPstack_069	124.308	179.089	61.341	45.063	105.669
313	CombinedStack-1.tif:YPE_c42515_007_RFPstack_070	125.703	126.148	97.635	60.209	148.467
314	CombinedStack-1.tif:YPE_c42515_007_RFPstack_071	165.154	109.434	48.816	35.707	163.302
315	CombinedStack-1.tif:YPE_c42515_007_RFPstack_071	112.396	121.570	89.661	67.780	79.465
316	CombinedStack-1.tif:YPE_c42515_007_RFPstack_072	158.554	122.897	96.602	67.364	164.690
317	CombinedStack-1.tif:YPE_c42515_007_RFPstack_072	78.496	126.649	62.121	37.897	25.463
318	CombinedStack-1.tif:YPE_c42515_009_RFPstack_074	119.206	121.042	97.664	77.726	128.932
319	CombinedStack-1.tif:YPE_c42515_009_RFPstack_074	170.146	161.552	44.243	36.606	147.104
320	CombinedStack-1.tif:YPE_c42515_009_RFPstack_075	127.184	126.533	92.169	67.206	79.474
321	CombinedStack-1.tif:YPE_c42515_011_RFPstack_076	144.294	124.853	88.399	69.568	5.003
322	CombinedStack-1.tif:YPE_c42515_011_RFPstack_076	84.854	139.952	43.253	31.792	3.833
323	CombinedStack-1.tif:YPE_c42515_011_RFPstack_077	157.697	87.005	45.640	37.131	62.093
324	CombinedStack-1.tif:YPE_c42515_011_RFPstack_077	112.143	133.091	90.801	72.902	58.443
325	CombinedStack-1.tif:YPE_c42515_011_RFPstack_078	123.823	122.964	91.638	77.600	110.195
326	CombinedStack-1.tif:YPE_c42515_011_RFPstack_079	127.157	122.597	67.320	61.941	98.862
327	CombinedStack-1.tif:YPE_c42515_013_RFPstack_081	126.920	123.216	80.362	60.032	142.236
328	CombinedStack-1.tif:YPE_c42515_013_RFPstack_081	160.663	156.561	23.658	18.460	159.119
329	CombinedStack-1.tif:YPE_c42515_013_RFPstack_082	91.613	101.099	29.105	24.104	167.830
330	CombinedStack-1.tif:YPE_c42515_013_RFPstack_082	139.089	125.944	86.823	72.517	118.368
331	CombinedStack-1.tif:YPE_c42515_017_RFPstack_084	149.187	92.363	44.702	36.088	33.091
332	CombinedStack-1.tif:YPE_c42515_017_RFPstack_084	111.230	140.797	84.666	68.274	40.463
333	CombinedStack-1.tif:YPE_c42515_019_RFPstack_087	119.116	121.012	85.941	77.958	134.775
334	CombinedStack-1.tif:YPE_c42515_019_RFPstack_088	120.247	99.592	91.584	76.255	86.758
335	CombinedStack-1.tif:YPE_c42515_019_RFPstack_088	137.855	151.620	58.925	48.078	111.608
336	CombinedStack-1.tif:YPL_042515_001_RFPstack_002	135.631	99.317	98.883	72.403	72.567
337	CombinedStack-1.tif:YPL_042515_001_RFPstack_002	99.021	167.792	68.881	53.402	51.597
338	CombinedStack-1.tif:YPL_042515_001_RFPstack_004	130.055	123.415	71.599	62.685	3.115
339	CombinedStack-1.tif:YPL_042515_001_RFPstack_005	138.925	119.686	87.006	68.706	35.471
340	CombinedStack-1.tif:YPL_042515_001_RFPstack_005	90.843	136.049	25.340	24.168	157.829
341	CombinedStack-1.tif:YPL_042515_008_RFPstack_009	119.584	132.448	79.926	61.380	75.357
342	CombinedStack-1.tif:YPL_042515_008_RFPstack_011	119.675	129.699	78.986	71.814	63.267
343	CombinedStack-1.tif:YPL_042515_011_RFPstack_012	101.307	115.166	104.726	80.108	2.979
344	CombinedStack-1.tif:YPL_042515_011_RFPstack_012	168.771	149.111	56.643	42.281	159.149
345	CombinedStack-1.tif:YPL_042515_011_RFPstack_013	120.284	126.442	72.585	64.499	62.646
346	CombinedStack-1.tif:YPL_042515_011_RFPstack_014	124.760	120.098	84.861	68.388	102.902
347	CombinedStack-1.tif:YPL_042515_015_RFPstack_016	116.327	97.438	90.981	84.709	57.989
348	CombinedStack-1.tif:YPL_042515_015_RFPstack_016	142.586	171.843	69.070	59.339	112.664
349	CombinedStack-1.tif:YPL_042515_015_RFPstack_018	121.180	130.926	78.285	63.691	100.676
350	CombinedStack-1.tif:YPL_042515_017_RFPstack_020	121.679	91.306	102.906	86.325	150.793
351	CombinedStack-1.tif:YPL_042515_017_RFPstack_020	120.639	173.414	69.328	56.033	76.301
352	CombinedStack-1.tif:YPL_042515_017_RFPstack_021	124.879	125.722	79.259	59.647	1.790
353	CombinedStack-1.tif:YPL_042515_017_RFPstack_022	126.200	124.605	92.745	75.740	133.360
354	CombinedStack-1.tif:YPL_042515_019_RFPstack_024	169.011	113.118	39.902	29.995	9.470
355	CombinedStack-1.tif:YPL_042515_019_RFPstack_024	120.102	128.102	92.472	73.375	168.386
356	CombinedStack-1.tif:YPL_042515_019_RFPstack_025	123.710	123.198	76.430	63.104	94.312
357	CombinedStack-1.tif:YPL_042515_021_RFPstack_028	127.338	127.559	99.225	79.442	31.075
358	CombinedStack-1.tif:YPL_042515_021_RFPstack_028	81.036	142.508	23.852	20.819	160.965
359	CombinedStack-1.tif:YPL_042515_021_RFPstack_029	128.660	73.319	26.922	26.626	167.379
360	CombinedStack-1.tif:YPL_042515_021_RFPstack_029	122.845	133.494	97.889	72.618	80.460
361	CombinedStack-1.tif:YPL_042515_021_RFPstack_030	126.975	131.506	88.238	78.309	125.733
362	CombinedStack-1.tif:YPL_042515_021_RFPstack_031	123.775	125.376	98.227	79.497	72.692
363	CombinedStack-1.tif:YPL_042515_021_RFPstack_032	124.595	121.967	99.523	85.294	24.739
364	CombinedStack-1.tif:YPL_042515_023_RFPstack_033	124.752	77.773	46.330	36.386	106.071
365	CombinedStack-1.tif:YPL_042515_023_RFPstack_033	128.023	141.642	95.418	89.377	148.304
366	CombinedStack-1.tif:YPL_042515_023_RFPstack_034	124.196	124.849	89.914	67.461	24.373
367	CombinedStack-1.tif:YPL_042515_023_RFPstack_035	145.676	112.267	101.260	69.522	43.997
368	CombinedStack-1.tif:YPL_042515_023_RFPstack_035	92.945	154.371	51.217	38.732	32.314
369	CombinedStack-1.tif:YPL_042515_030_RFPstack_039	111.486	81.629	73.452	52.454	96.368
370	CombinedStack-1.tif:YPL_042515_030_RFPstack_039	131.577	158.985	90.469	64.528	82.012
371	CombinedStack-1.tif:YPL_042515_030_RFPstack_040	123.338	126.199	96.387	72.482	42.653
372	CombinedStack-1.tif:YPL_042515_030_RFPstack_041	127.286	126.202	74.363	64.156	7.623
373	CombinedStack-1.tif:YPL_042515_030_RFPstack_042	127.505	124.528	104.895	76.895	39.076
374	CombinedStack-1.tif:YPL_042515_030_RFPstack_043	122.613	123.521	80.542	69.415	33.870
375	CombinedStack-1.tif:YPL_042515_032_RFPstack_044	170.035	114.597	44.426	41.070	162.961
376	CombinedStack-1.tif:YPL_042515_032_RFPstack_044	108.073	129.906	109.473	77.181	39.939
377	CombinedStack-1.tif:YPL_042515_032_RFPstack_045	144.273	81.574	32.409	30.997	155.283
378	CombinedStack-1.tif:YPL_042515_032_RFPstack_045	135.150	134.973	90.634	74.862	146.695
379	CombinedStack-1.tif:YPL_042715_004_RFPstack_048	125.062	126.499	104.121	95.040	125.058
380	CombinedStack-1.tif:YPL_042715_004_RFPstack_050	130.129	124.771	101.176	67.314	125.090
381	CombinedStack-1.tif:YPL_042715_004_RFPstack_051	130.302	88.103	92.335	84.405	5.470
382	CombinedStack-1.tif:YPL_042715_004_RFPstack_051	103.849	165.335	76.948	64.946	79.929
383	CombinedStack-1.tif:YPL_042715_006_RFPstack_052	80.791	118.959	69.325	61.931	176.304
384	CombinedStack-1.tif:YPL_042715_006_RFPstack_052	158.552	125.095	89.193	73.688	172.115
385	CombinedStack-1.tif:YPL_042715_006_RFPstack_053	128.301	119.393	97.606	74.446	55.968
386	CombinedStack-1.tif:YPL_042715_006_RFPstack_053	90.167	160.912	26.133	21.535	16.228
387	CombinedStack-1.tif:YPL_042715_008_RFPstack_054	136.488	129.281	105.172	88.388	175.964
388	CombinedStack-1.tif:YPL_042715_008_RFPstack_055	121.548	125.441	90.621	85.060	31.461
389	CombinedStack-1.tif:YPL_042715_008_RFPstack_056	128.309	123.451	85.833	77.344	108.547
390	CombinedStack-1.tif:YPL_042715_010_RFPstack_057	140.382	87.670	99.232	86.224	37.037
391	CombinedStack-1.tif:YPL_042715_010_RFPstack_057	103.079	161.413	70.066	58.132	67.942
392	CombinedStack-1.tif:YPL_042715_010_RFPstack_058	106.014	92.319	104.939	87.383	68.784
393	CombinedStack-1.tif:YPL_042715_010_RFPstack_058	146.688	166.338	74.250	58.972	110.979
394	CombinedStack-1.tif:YPL_042715_012_olp14RFPstack_059	179.009	98.805	50.965	36.150	18.160
395	CombinedStack-1.tif:YPL_042715_012_olp14RFPstack_059	105.191	118.212	117.046	83.098	162.529
396	CombinedStack-1.tif:YPL_042715_016_RFPstack_063	171.337	96.206	66.959	53.053	36.777
397	CombinedStack-1.tif:YPL_042715_016_RFPstack_063	93.033	137.693	112.313	82.836	42.219
398	CombinedStack-1.tif:YPL_042715_016_RFPstack_064	129.485	123.249	118.743	92.515	93.419
399	CombinedStack-1.tif:YPL_042715_016_RFPstack_065	125.639	122.744	90.779	72.471	131.502
400	CombinedStack-1.tif:YPL_042715_018_RFPstack_066	117.427	125.688	85.532	63.950	13.595
401	CombinedStack-1.tif:YPL_042715_018_RFPstack_066	157.217	126.513	29.411	20.650	42.381
402	CombinedStack-1.tif:YPL_042715_018_RFPstack_067	105.057	91.972	45.486	42.463	133.564
403	CombinedStack-1.tif:YPL_042715_018_RFPstack_067	132.141	148.429	93.058	80.069	165.639
404	CombinedStack-1.tif:YPL_042715_020_RFPstack_068	93.889	97.261	77.745	54.503	126.298
405	CombinedStack-1.tif:YPL_042715_020_RFPstack_068	143.167	156.616	83.106	78.273	130.543
406	CombinedStack-1.tif:YPL_042715_022_RFPstack_069	123.977	125.000	85.653	73.850	156.224
407	CombinedStack-1.tif:YPL_042715_022_RFPstack_070	93.297	88.712	52.160	38.983	127.701
408	CombinedStack-1.tif:YPL_042715_022_RFPstack_070	133.635	139.391	86.954	76.406	129.959
409	CombinedStack-1.tif:YPL_042715_024_RFPstack_071	98.840	77.894	82.923	67.560	133.962
410	CombinedStack-1.tif:YPL_042715_024_RFPstack_071	161.065	154.568	119.193	98.105	89.693
411	CombinedStack-1.tif:YPL_042715_024_RFPstack_072	124.234	122.209	96.440	71.227	71.387
412	CombinedStack-1.tif:YPL_042715_024_RFPstack_073	128.435	123.397	92.358	80.633	144.731
413	CombinedStack-1.tif:YPL_042715_026_RFPstack_074	123.649	124.785	85.649	72.619	65.453
414	CombinedStack-1.tif:YPL_042715_026_RFPstack_075	120.954	116.439	86.827	71.077	152.788
415	CombinedStack-1.tif:YPL_042715_026_RFPstack_075	161.335	155.005	32.541	27.584	111.724
416	CombinedStack-1.tif:YPL_042715_028_RFPstack_077	104.652	119.664	91.192	78.970	124.504
417	CombinedStack-1.tif:YPL_042715_028_RFPstack_077	160.739	146.799	48.734	35.218	148.219
418	CombinedStack-1.tif:YPL_042715_028_RFPstack_078	124.420	91.525	84.769	74.575	139.869
419	CombinedStack-1.tif:YPL_042715_028_RFPstack_078	130.038	157.521	61.031	55.764	93.088
420	CombinedStack-1.tif:YPL_042715_028_RFPstack_079	128.245	128.914	85.308	70.477	17.852
421	CombinedStack-1.tif:YPL_042715_030_RFPstack_080	123.906	111.024	83.990	77.450	143.242
422	CombinedStack-1.tif:YPL_042715_030_RFPstack_080	149.857	162.334	35.501	30.306	138.572
423	CombinedStack-1.tif:YPL_042715_030_RFPstack_081	130.100	125.478	90.496	68.815	139.324
424	CombinedStack-1.tif:YPL_042915_001_RFPstack_082	126.264	97.693	103.758	83.825	98.026
425	CombinedStack-1.tif:YPL_042915_001_RFPstack_082	132.256	183.053	70.123	62.443	88.176
426	CombinedStack-1.tif:YPL_042915_001_RFPstack_083	112.333	122.477	89.215	84.288	71.608
427	CombinedStack-1.tif:YPL_042915_001_RFPstack_083	163.279	139.026	40.799	31.332	164.980
428	CombinedStack-1.tif:YPL_042915_003_RFPstack_084	126.226	129.068	82.462	65.776	8.502
429	CombinedStack-1.tif:YPL_042915_003_RFPstack_085	123.350	130.655	90.737	80.965	168.368
430	CombinedStack-1.tif:YPL_042915_003_RFPstack_086	124.703	122.869	93.077	70.914	19.464
431	CombinedStack-1.tif:YPL_042915_005_RFPstack_087	123.419	123.575	69.353	62.016	41.034
432	CombinedStack-1.tif:YPL_042915_005_RFPstack_088	124.586	125.927	87.185	81.884	9.245
433	CombinedStack-1.tif:YPL_042915_005_RFPstack_089	108.344	83.585	58.372	49.165	112.751
434	CombinedStack-1.tif:YPL_042915_005_RFPstack_089	129.973	151.325	93.460	80.500	128.316
435	CombinedStack-1.tif:YPL_042915_007_RFPstack_090	106.611	85.567	45.465	44.976	136.562
436	CombinedStack-1.tif:YPL_042915_007_RFPstack_090	125.991	145.214	90.518	77.771	96.913
437	CombinedStack-1.tif:YPL_042915_007_RFPstack_091	126.855	127.088	76.704	62.663	65.376
438	CombinedStack-1.tif:YPL_042915_007_RFPstack_092	127.017	128.333	97.493	80.671	19.358
439	CombinedStack-1.tif:YPL_042915_009_RFPstack_093	124.862	123.355	89.054	81.280	77.868
440	CombinedStack-1.tif:YPL_042915_011_RFPstack_094	125.969	123.795	106.981	79.562	112.059
441	CombinedStack-1.tif:YPL_042915_013_RFPstack_097	157.152	102.189	28.385	21.755	79.453
442	CombinedStack-1.tif:YPL_042915_013_RFPstack_097	118.481	128.485	87.175	78.446	46.114
443	CombinedStack-1.tif:YPL_042915_109_RFPStack_MM_098	122.511	124.280	82.759	62.355	96.861
444	CombinedStack-1.tif:YPL_042915_109_RFPStack_MM_099	125.667	123.540	90.438	79.628	44.838
445	CombinedStack-1.tif:YPL_052315_001_RFPstack_000	120.359	121.058	97.179	81.062	106.495
446	CombinedStack-1.tif:YPL_052315_003_RFPstack_001	121.112	127.036	84.537	69.433	167.446
447	CombinedStack-1.tif:YPL_052315_003_RFPstack_002	142.661	92.987	96.209	75.554	48.396
448	CombinedStack-1.tif:YPL_052315_003_RFPstack_002	102.312	159.157	66.917	57.310	56.881
449	CombinedStack-1.tif:YPL_052315_005_RFPstack_004	124.856	107.540	107.957	83.289	51.650
450	CombinedStack-1.tif:YPL_052315_005_RFPstack_004	115.005	174.470	37.722	34.766	5.254
451	CombinedStack-1.tif:YPL_052315_005_RFPstack_005	148.027	86.629	27.272	23.810	93.734
452	CombinedStack-1.tif:YPL_052315_005_RFPstack_005	121.795	130.893	96.221	79.963	34.675
453	CombinedStack-1.tif:YPL_052315_005_RFPstack_006	125.208	120.051	90.140	77.816	6.253
454	CombinedStack-1.tif:YPL_052315_007_RFPstack_007	149.059	124.529	100.536	84.422	9.660
455	CombinedStack-1.tif:YPL_052315_007_RFPstack_007	87.437	139.131	46.328	42.352	138.053
456	CombinedStack-1.tif:YPL_052315_007_RFPstack_008	153.999	101.126	65.550	54.503	23.113
457	CombinedStack-1.tif:YPL_052315_007_RFPstack_008	90.407	140.659	86.345	75.308	36.070
458	CombinedStack-1.tif:YPL_052315_009_RFPstack_010	169.389	89.833	44.741	34.747	42.859
459	CombinedStack-1.tif:YPL_052315_009_RFPstack_010	117.286	134.694	104.060	77.329	14.310
460	CombinedStack-1.tif:YPL_052315_009_RFPstack_011	93.127	88.551	35.907	27.268	106.073
461	CombinedStack-1.tif:YPL_052315_009_RFPstack_011	125.831	136.790	95.523	74.870	153.024
462	CombinedStack-1.tif:YPL_052315_009_RFPstack_012	126.778	126.298	86.918	67.340	93.120
463	CombinedStack-1.tif:YPL_052315_011_RFPstack_013	168.407	106.241	68.903	58.041	171.625
464	CombinedStack-1.tif:YPL_052315_011_RFPstack_013	95.161	124.647	100.270	66.728	27.834
465	CombinedStack-1.tif:YPL_052315_011_RFPstack_014	152.623	100.439	70.961	58.135	45.143
466	CombinedStack-1.tif:YPL_052315_011_RFPstack_014	97.700	142.014	86.447	79.004	99.901
467	CombinedStack-1.tif:YPL_052315_013_RFPstack_016	123.598	103.641	99.273	88.895	93.612
468	CombinedStack-1.tif:YPL_052315_013_RFPstack_016	147.105	170.982	44.794	36.952	110.886
469	CombinedStack-1.tif:YPL_052315_013_RFPstack_017	124.958	128.980	92.583	74.593	113.985
470	CombinedStack-1.tif:YPL_052315_015_RFPstack_018	115.367	80.293	68.856	56.066	97.777
471	CombinedStack-1.tif:YPL_052315_015_RFPstack_018	125.095	158.909	102.272	73.228	133.491
472	CombinedStack-1.tif:YPL_052315_017_RFPstack_021	145.281	78.512	73.349	59.940	83.301
473	CombinedStack-1.tif:YPL_052315_017_RFPstack_021	121.823	156.814	95.577	72.616	70.567
474	CombinedStack-1.tif:YPL_052315_017_RFPstack_022	84.252	122.508	101.236	69.739	126.400
475	CombinedStack-1.tif:YPL_052315_017_RFPstack_022	161.428	138.826	72.462	57.862	1.247
476	CombinedStack-1.tif:YPL_052315_017_RFPstack_023	129.232	86.590	46.105	37.448	107.002
477	CombinedStack-1.tif:YPL_052315_017_RFPstack_023	126.542	147.077	100.899	81.985	6.133
478	CombinedStack-1.tif:YPL_052315_019_RFPstack_024	80.254	113.652	38.164	31.560	178.184
479	CombinedStack-1.tif:YPL_052315_019_RFPstack_024	142.988	126.390	102.761	83.213	149.008
480	CombinedStack-1.tif:YPL_052315_019_RFPstack_025	123.937	121.414	89.315	70.851	103.487
481	CombinedStack-1.tif:YPL_052315_021_RFPstack_027	135.785	83.041	75.376	65.879	67.674
482	CombinedStack-1.tif:YPL_052315_021_RFPstack_027	118.002	161.056	90.353	81.902	86.160
483	CombinedStack-1.tif:YPL_052315_021_RFPstack_028	106.623	103.408	106.587	86.797	63.349
484	CombinedStack-1.tif:YPL_052315_021_RFPstack_028	151.057	163.081	61.888	53.922	132.388
485	CombinedStack-1.tif:YPL_052315_021_RFPstack_029	127.597	125.849	85.757	74.607	149.152
486	CombinedStack-1.tif:YPL_052315_023_RFPstack_030	72.518	121.923	59.131	45.778	2.865
487	CombinedStack-1.tif:YPL_052315_023_RFPstack_030	154.783	122.905	105.996	74.895	9.089
488	CombinedStack-1.tif:YPL_052315_023_RFPstack_031	154.389	86.983	48.238	40.358	27.989
489	CombinedStack-1.tif:YPL_052315_023_RFPstack_031	110.806	146.502	97.826	77.168	42.376
490	CombinedStack-1.tif:YPL_052315_023_RFPstack_032	130.654	110.027	91.499	79.804	109.250
491	CombinedStack-1.tif:YPL_052315_023_RFPstack_032	90.431	158.557	46.077	39.902	48.214
492	CombinedStack-1.tif:YPL_052315_025_RFPstack_033	71.308	120.096	29.077	25.266	150.791
493	CombinedStack-1.tif:YPL_052315_025_RFPstack_033	134.460	126.100	110.662	84.072	179.641
494	CombinedStack-1.tif:YPL_052315_025_RFPstack_034	124.788	119.062	87.858	70.837	140.145
495	CombinedStack-1.tif:YPL_052315_025_RFPstack_035	165.562	92.143	25.954	18.985	156.285
496	CombinedStack-1.tif:YPL_052315_025_RFPstack_035	120.365	126.316	98.310	96.344	8.320
497	CombinedStack-1.tif:YPL_052315_025_RFPstack_036	125.352	122.604	95.004	78.616	96.665
498	CombinedStack-1.tif:YPL_052315_025_RFPstack_036	155.642	168.473	19.220	14.906	134.939
499	CombinedStack-1.tif:YPL_052315_027_RFPstack_037	87.510	101.502	75.728	54.644	143.021
500	CombinedStack-1.tif:YPL_052315_027_RFPstack_037	153.109	142.843	98.950	76.266	166.277
501	CombinedStack-1.tif:YPL_052315_027_RFPstack_038	161.040	92.867	30.644	28.753	132.827
502	CombinedStack-1.tif:YPL_052315_027_RFPstack_038	111.090	122.524	85.140	76.044	19.842
503	CombinedStack-1.tif:YPL_052315_027_RFPstack_039	124.074	122.712	95.911	76.678	59.157
504	CombinedStack-1.tif:YPL_052315_029_RFPstack_040	100.929	124.397	90.461	70.952	155.533
505	CombinedStack-1.tif:YPL_052315_029_RFPstack_040	161.405	145.852	47.085	39.156	168.221
506	CombinedStack-1.tif:YPL_052315_029_RFPstack_041	122.675	130.844	91.264	70.426	46.003
507	CombinedStack-1.tif:YPL_052315_029_RFPstack_042	124.361	122.557	112.898	86.456	67.763
508	CombinedStack-1.tif:YPL_052315_031_RFPstack_043	158.155	90.515	69.995	53.662	46.481
509	CombinedStack-1.tif:YPL_052315_031_RFPstack_043	104.771	151.178	96.603	84.392	62.959
510	CombinedStack-1.tif:YPL_052315_031_RFPstack_044	122.463	122.004	90.236	86.552	73.521
511	CombinedStack-1.tif:YPL_052315_031_RFPstack_045	84.133	100.147	30.375	23.851	164.942
512	CombinedStack-1.tif:YPL_052315_031_RFPstack_045	133.263	125.153	85.802	70.309	150.949
513	CombinedStack-1.tif:YPL_052315_033_RFPstack_046	124.652	129.106	93.050	86.342	67.267
514	CombinedStack-1.tif:YPL_052315_033_RFPstack_047	126.902	123.396	104.006	82.303	75.275
515	CombinedStack-1.tif:YPR_042715_003_RFPstack_004	152.645	123.861	84.202	72.628	63.267
516	CombinedStack-1.tif:YPR_042715_003_RFPstack_004	96.573	130.659	50.930	39.275	4.795
517	CombinedStack-1.tif:YPR_042715_003_RFPstack_006	122.355	128.226	68.182	58.375	141.241
518	CombinedStack-1.tif:YPR_042715_005_RFPstack_008	127.400	125.831	96.744	62.383	108.452
519	CombinedStack-1.tif:YPR_042715_007_RFPstack_010	101.833	119.788	103.785	83.288	94.035
520	CombinedStack-1.tif:YPR_042715_007_RFPstack_010	163.703	167.750	66.660	59.746	150.042
521	CombinedStack-1.tif:YPR_042715_007_RFPstack_011	126.020	122.137	95.132	67.415	62.780
522	CombinedStack-1.tif:YPR_042715_007_RFPstack_012	120.849	129.589	63.744	54.929	10.500
523	CombinedStack-1.tif:YPR_042715_007_RFPstack_013	139.585	124.060	86.495	63.283	31.372
524	CombinedStack-1.tif:YPR_042715_007_RFPstack_013	98.411	138.057	42.050	36.335	145.920
525	CombinedStack-1.tif:YPR_042715_009_RFPstack_014	125.816	113.000	74.886	62.671	101.955
526	CombinedStack-1.tif:YPR_042715_009_RFPstack_014	119.146	162.181	36.409	31.648	105.612
527	CombinedStack-1.tif:YPR_042715_009_RFPstack_015	157.665	104.617	60.150	47.606	18.402
528	CombinedStack-1.tif:YPR_042715_009_RFPstack_015	99.637	136.643	85.236	76.870	168.080
529	CombinedStack-1.tif:YPR_042715_011_RFPstack_017	154.167	118.874	95.994	67.553	38.452
530	CombinedStack-1.tif:YPR_042715_011_RFPstack_017	88.666	144.333	60.843	41.979	20.353
531	CombinedStack-1.tif:YPR_042715_011_RFPstack_018	120.965	118.158	105.979	96.521	172.394
532	CombinedStack-1.tif:YPR_042715_011_RFPstack_018	169.544	154.320	38.385	32.839	146.939
533	CombinedStack-1.tif:YPR_042715_011_RFPstack_019	120.733	126.010	84.883	60.105	79.238
534	CombinedStack-1.tif:YPR_042715_011_RFPstack_020	149.271	118.045	77.322	67.316	18.024
535	CombinedStack-1.tif:YPR_042715_011_RFPstack_020	90.230	138.629	43.423	42.165	91.372
536	CombinedStack-1.tif:YPR_042715_011_RFPstack_021	111.681	96.058	83.027	80.265	1.749
537	CombinedStack-1.tif:YPR_042715_011_RFPstack_021	147.965	166.364	75.308	58.617	114.009
538	CombinedStack-1.tif:YPR_042715_013_RFPstack_022	131.709	126.555	99.220	68.962	177.109
539	CombinedStack-1.tif:YPR_042715_013_RFPstack_023	126.481	126.807	66.788	55.648	70.621
540	CombinedStack-1.tif:YPR_042715_013_RFPstack_024	127.137	86.951	84.521	79.614	16.129
541	CombinedStack-1.tif:YPR_042715_013_RFPstack_024	125.192	160.335	66.810	57.954	85.080
542	CombinedStack-1.tif:YPR_042715_015_RFPstack_026	128.086	131.978	78.444	63.383	78.563
543	CombinedStack-1.tif:YPR_042715_021_RFPstack_034	137.699	93.533	100.664	67.745	67.740
544	CombinedStack-1.tif:YPR_042715_021_RFPstack_034	112.240	167.591	63.232	47.702	67.659
545	CombinedStack-1.tif:YPR_042715_021_RFPstack_035	130.058	127.486	89.245	66.598	117.729
546	CombinedStack-1.tif:YPR_042715_021_RFPstack_036	153.287	97.559	32.583	28.566	157.748
547	CombinedStack-1.tif:YPR_042715_021_RFPstack_036	120.987	126.386	96.563	73.299	13.263
548	CombinedStack-1.tif:YPR_042715_023_RFPstack_037	157.391	89.170	62.300	54.138	57.260
549	CombinedStack-1.tif:YPR_042715_023_RFPstack_037	108.162	152.880	108.933	87.943	41.866
550	CombinedStack-1.tif:YPR_042715_028_RFPstack_040	125.032	129.044	91.769	77.780	22.928
551	CombinedStack-1.tif:YPR_042715_028_RFPstack_041	126.735	120.592	75.158	60.208	139.342
552	CombinedStack-1.tif:YPR_042715_032_RFPstack_043	106.045	97.504	68.199	47.215	128.027
553	CombinedStack-1.tif:YPR_042715_032_RFPstack_043	140.709	157.496	79.963	65.746	72.801
554	CombinedStack-1.tif:YPR_042715_032_RFPstack_044	128.080	125.187	69.593	62.443	132.852
555	CombinedStack-1.tif:YPR_042715_032_RFPstack_045	127.041	125.816	87.821	64.140	37.746
556	CombinedStack-1.tif:YPR_042715_032_RFPstack_047	120.042	119.441	101.908	82.736	174.554
557	CombinedStack-1.tif:YPR_042715_032_RFPstack_047	171.040	143.066	34.956	28.848	133.277
558	CombinedStack-1.tif:YPR_042715_034_RFPstack_048	127.918	118.020	77.408	53.408	17.490
559	CombinedStack-1.tif:YPR_042715_034_RFPstack_049	127.585	121.909	93.786	69.821	116.123
560	CombinedStack-1.tif:YPR_042715_034_RFPstack_050	138.030	118.610	79.167	59.395	17.363
561	CombinedStack-1.tif:YPR_042715_034_RFPstack_050	84.461	137.357	30.493	26.640	0.583
562	CombinedStack-1.tif:YPR_042715_036_RFPstack_051	87.772	117.609	53.838	40.629	166.722
563	CombinedStack-1.tif:YPR_042715_036_RFPstack_051	147.507	125.220	84.549	64.273	174.997
564	CombinedStack-1.tif:YPR_042715_036_RFPstack_052	127.090	107.080	81.736	72.030	39.673
565	CombinedStack-1.tif:YPR_042715_036_RFPstack_052	129.458	153.452	38.648	34.888	5.284
566	CombinedStack-1.tif:YPR_042715_036_RFPstack_053	128.122	130.481	76.117	62.861	10.105
567	CombinedStack-1.tif:YPR_042715_038_RFPstack_055	127.187	126.138	80.345	58.286	134.757
568	CombinedStack-1.tif:YPR_042715_038_RFPstack_056	124.683	128.444	89.579	70.343	8.762
569	CombinedStack-1.tif:YPR_042915_005_RFPstack_058	113.938	83.220	65.495	52.022	119.433
570	CombinedStack-1.tif:YPR_042915_005_RFPstack_058	133.834	157.953	93.496	62.861	74.850
571	CombinedStack-1.tif:YPR_042915_007_RFPstack_062	105.257	88.978	30.165	26.212	1.712
572	CombinedStack-1.tif:YPR_042915_007_RFPstack_062	129.136	138.312	86.717	75.954	96.855
573	CombinedStack-1.tif:YPR_042915_007_RFPstack_064	127.408	123.272	74.385	57.941	157.664
574	CombinedStack-1.tif:YPR_042915_009_RFPstack_067	140.044	121.986	93.469	75.398	36.039
575	CombinedStack-1.tif:YPR_042915_009_RFPstack_067	81.656	148.601	43.374	38.866	16.410
576	CombinedStack-1.tif:YPR_042915_012_RFPstack_071	125.660	127.311	88.329	74.755	123.182
577	CombinedStack-1.tif:YPR_042915_012_RFPstack_072	160.618	115.858	55.356	51.131	19.226
578	CombinedStack-1.tif:YPR_042915_012_RFPstack_072	98.119	134.547	81.888	67.247	179.720
579	CombinedStack-1.tif:YPR_042915_016_RFPstack_079	128.002	122.127	98.798	69.592	60.093
580	CombinedStack-1.tif:YPR_042915_016_RFPstack_080	125.722	121.783	99.713	75.287	136.653
581	CombinedStack-1.tif:YPR_042915_016_RFPstack_081	126.547	120.540	74.915	58.755	110.247
582	CombinedStack-1.tif:YPR_042915_016_RFPstack_082	126.285	122.736	83.691	67.335	66.191
583	CombinedStack-1.tif:YPR_042915_016_RFPstack_083	129.127	126.513	90.770	64.118	10.075
584	CombinedStack-1.tif:YPR_042915_020_RFPstack_086	128.618	120.141	95.938	74.586	63.938
585	CombinedStack-1.tif:YPR_042915_020_RFPstack_087	128.203	129.947	86.837	57.301	154.325
586	CombinedStack-1.tif:YPR_042915_020_RFPstack_088	129.722	123.127	81.852	69.392	15.501
587	CombinedStack-1.tif:YPR_042915_022_RFPstack_089	77.113	99.586	16.538	12.549	157.688
588	CombinedStack-1.tif:YPR_042915_022_RFPstack_089	130.902	118.911	95.659	61.746	157.202
589	CombinedStack-1.tif:YPR_042915_022_RFPstack_090	156.499	89.845	53.472	42.337	42.529
590	CombinedStack-1.tif:YPR_042915_022_RFPstack_090	107.275	139.053	93.348	75.087	75.572
591	CombinedStack-1.tif:YPR_042915_022_RFPstack_091	103.220	87.334	69.436	52.645	137.317
592	CombinedStack-1.tif:YPR_042915_022_RFPstack_091	143.598	147.082	78.679	74.683	110.035
593	CombinedStack-1.tif:YPR_042915_022_RFPstack_092	125.117	124.601	82.404	76.916	13.496
594	CombinedStack-1.tif:YPR_042915_022_RFPstack_093	128.527	115.767	96.694	78.716	29.638
595	CombinedStack-1.tif:YPR_042915_022_RFPstack_093	105.858	166.548	34.048	32.684	43.545
596	CombinedStack-1.tif:YPR_042915_026_RFPstack_097	126.194	122.505	66.418	60.750	163.696
597	CombinedStack-1.tif:YPR_042915_028_RFPstack_099	92.111	91.145	52.718	49.753	156.954
598	CombinedStack-1.tif:YPR_042915_028_RFPstack_099	145.504	141.872	96.781	67.779	100.874
599	CombinedStack-1.tif:YPR_052315_001_RFPstack_000	139.221	100.364	81.997	70.776	46.631
600	CombinedStack-1.tif:YPR_052315_001_RFPstack_000	112.072	167.742	65.537	55.505	81.708
601	CombinedStack-1.tif:YPR_052315_001_RFPstack_001	147.246	123.978	106.383	83.779	81.803
602	CombinedStack-1.tif:YPR_052315_001_RFPstack_001	95.274	162.966	45.499	38.982	24.404
603	CombinedStack-1.tif:YPR_052315_004_RFPstack_002	132.041	96.447	104.033	85.806	30.151
604	CombinedStack-1.tif:YPR_052315_004_RFPstack_002	109.401	170.952	60.305	58.188	68.765
605	CombinedStack-1.tif:YPR_052315_004_RFPstack_003	124.708	127.179	102.451	76.157	22.011
606	CombinedStack-1.tif:YPR_052315_004_RFPstack_004	125.349	120.029	64.798	61.385	59.864
607	CombinedStack-1.tif:YPR_052315_004_RFPstack_005	124.986	130.320	99.712	73.384	29.649
608	CombinedStack-1.tif:YPR_052315_006_RFPstack_006	138.549	94.076	95.181	81.466	72.311
609	CombinedStack-1.tif:YPR_052315_006_RFPstack_006	109.539	170.164	71.177	63.790	51.246
610	CombinedStack-1.tif:YPR_052315_006_RFPstack_007	127.812	121.456	90.916	66.297	115.104
611	CombinedStack-1.tif:YPR_052315_006_RFPstack_007	143.943	173.625	21.305	15.239	175.302
612	CombinedStack-1.tif:YPR_052315_006_RFPstack_008	84.109	113.366	47.295	43.343	34.478
613	CombinedStack-1.tif:YPR_052315_006_RFPstack_008	148.525	124.597	91.905	78.247	14.419
614	CombinedStack-1.tif:YPR_052315_006_RFPstack_009	121.974	122.408	68.949	63.229	78.990
615	CombinedStack-1.tif:YPR_052315_008_RFPstack_010	128.623	122.046	76.316	74.577	64.964
616	CombinedStack-1.tif:YPR_052315_008_RFPstack_011	132.141	120.192	95.404	69.558	151.320
617	CombinedStack-1.tif:YPR_052315_008_RFPstack_011	79.875	122.603	23.776	22.866	136.377
618	CombinedStack-1.tif:YPR_052315_008_RFPstack_012	125.072	131.014	82.801	64.000	33.008
619	CombinedStack-1.tif:YPR_052315_008_RFPstack_013	122.904	128.620	95.525	77.028	111.061
620	CombinedStack-1.tif:YPR_052315_010_RFPstack_014	125.303	125.760	80.638	64.958	170.020
621	CombinedStack-1.tif:YPR_052315_012_RFPstack_015	139.022	113.613	101.635	91.126	37.819
622	CombinedStack-1.tif:YPR_052315_012_RFPstack_015	93.397	169.530	47.751	43.942	34.432
623	CombinedStack-1.tif:YPR_052315_012_RFPstack_016	159.736	106.714	23.406	17.026	123.225
624	CombinedStack-1.tif:YPR_052315_012_RFPstack_016	119.257	126.934	104.193	82.216	86.374
625	CombinedStack-1.tif:YPR_052315_014_RFPstack_017	121.538	130.135	76.100	60.399	97.735
626	CombinedStack-1.tif:YPR_052315_014_RFPstack_018	76.990	118.738	32.350	30.542	131.461
627	CombinedStack-1.tif:YPR_052315_014_RFPstack_018	139.167	126.661	94.492	70.055	159.919
628	CombinedStack-1.tif:YPR_052315_014_RFPstack_019	124.129	99.954	106.205	61.537	84.119
629	CombinedStack-1.tif:YPR_052315_014_RFPstack_019	130.045	174.120	60.309	49.803	96.465
630	CombinedStack-1.tif:YPR_052315_016_RFPstack_020	112.378	95.991	90.608	81.981	107.594
631	CombinedStack-1.tif:YPR_052315_016_RFPstack_020	146.428	168.688	67.097	56.814	114.353
632	CombinedStack-1.tif:YPR_052315_018_RFPstack_021	125.521	128.248	84.887	71.726	136.131
633	CombinedStack-1.tif:YPR_052315_018_RFPstack_022	125.127	79.811	18.036	13.624	72.220
634	CombinedStack-1.tif:YPR_052315_018_RFPstack_022	129.048	128.949	96.377	76.994	100.673
635	CombinedStack-1.tif:YPR_052315_020_RFPstack_023	124.465	94.912	82.560	73.748	124.582
636	CombinedStack-1.tif:YPR_052315_020_RFPstack_023	118.447	160.967	66.663	59.820	71.420
637	CombinedStack-1.tif:YPR_052315_020_RFPstack_024	124.654	129.133	74.207	62.884	20.320
638	CombinedStack-1.tif:YPR_052315_020_RFPstack_025	129.540	130.278	96.819	84.257	174.859
639	CombinedStack-1.tif:YPR_052315_022_RFPstack_026	113.589	87.104	77.650	50.946	104.384
640	CombinedStack-1.tif:YPR_052315_022_RFPstack_026	144.186	163.486	82.499	74.636	116.094
641	CombinedStack-1.tif:YPR_052315_022_RFPstack_027	126.489	130.546	94.270	77.635	105.068
642	CombinedStack-1.tif:YPR_052315_024_RFPstack_029	103.500	106.458	92.832	72.569	174.168
643	CombinedStack-1.tif:YPR_052315_024_RFPstack_029	164.239	144.004	71.238	58.642	149.436
644	CombinedStack-1.tif:YPR_052315_024_RFPstack_030	107.156	97.065	90.100	61.514	141.036
645	CombinedStack-1.tif:YPR_052315_024_RFPstack_030	157.565	157.956	70.363	55.788	124.525
646	CombinedStack-1.tif:YPR_052315_027_RFPstack_032	164.794	106.561	61.797	52.189	16.221
647	CombinedStack-1.tif:YPR_052315_027_RFPstack_032	104.763	135.522	90.467	79.688	146.248
648	CombinedStack-1.tif:YPR_052315_029_RFPstack_033	96.662	93.160	41.741	35.323	139.332
649	CombinedStack-1.tif:YPR_052315_029_RFPstack_033	139.491	134.916	87.643	72.420	129.220
650	CombinedStack-1.tif:YPR_052315_031_RFPstack_034	133.302	88.751	87.447	72.101	95.931
651	CombinedStack-1.tif:YPR_052315_031_RFPstack_034	114.532	166.116	72.382	53.001	88.457
652	CombinedStack-1.tif:YPR_052315_033_RFPstack_035	162.094	98.969	60.157	42.648	31.567
653	CombinedStack-1.tif:YPR_052315_033_RFPstack_035	99.801	139.309	91.408	72.265	26.970
654	CombinedStack-1.tif:YPR_052315_033_RFPstack_036	112.453	81.246	81.132	57.548	102.466
655	CombinedStack-1.tif:YPR_052315_033_RFPstack_036	128.893	162.554	90.418	80.083	68.148
656	CombinedStack-1.tif:YPR_052315_033_RFPstack_037	126.646	125.172	78.906	68.337	36.960
657	CombinedStack-1.tif:YPR_052315_033_RFPstack_038	124.849	123.112	96.783	82.630	19.051
658	CombinedStack-1.tif:YPR_052315_033_RFPstack_039	128.236	123.486	69.037	64.181	24.779
659	CombinedStack-1.tif:YPR_052315_033_RFPstack_040	99.830	93.744	49.251	36.554	144.098
660	CombinedStack-1.tif:YPR_052315_033_RFPstack_040	140.419	140.658	84.594	68.468	126.676
